895056546308263936
1467340580
2214786522
2959246755
2798180496
577247716
3409233861
140404327
854165191180795904
713581625561382912
2544850862
346501132
282773587
1601703392
4746989675
455298900
285553319
285553319
4705916254
945254015453016064
455298900
3604022115
3760413975
331554416
1418120216
982271116977696768
427525647
715568304606281729
2438347352
851684935
777024386788237312
608095411
2279644472
135091201
175521106
3099451954
903300910599819265
57658295
757704676640956416
727252495102267398
744814641079955456
88714239
821203149520306181
89190761
755489884891119617
4838881413
726844985727959041
1619001782
974238454052683777
768542322573381633
941144599057371136
1572439008
984628961530535936
2529090201
984635934741336064
539950970
1129097383
984156922134790146
926496678752014336
707118541057691649
704286807408640000
870350237809770497
781404628793561088
827167593517740036
2513666022
793877825145090048
905513966
888648420017229824
974331764775759872
4637942056
936446633449058305
838000404944277506
940304285660794880
372286735
2791032890
700858122
788003794080632832
2375448266
3426747274
3879280997
40574049
141638227
975773540887728129
2700476839
951126358935171072
4877538903
919991919756881920
725731466387283969
379210172
955502998960136193
777263443346878464
875710061741559808
2266598367
979473440947269633
365248752
2872249041
2501054238
2925218726
4816966577
604242739
70367613
773662096311582720
355154942
2962482046
746033695904120832
2459850229
936520967819587585
2455715531
603194241
2395021981
746899113652912128
895378634462167042
347497411
857647222095323136
3978029105
236198862
891747515586027520
1335414475
982763873492193280
3058195836
1170926023
953870140961099776
2366038694
985643976672804864
765219465818697729
793623518701322240
588306142
859669065807396864
3206017174
903969308522549248
245417251
843453886321119234
931998864378417152
951805586663968768
182955960
863057845914411008
2446275282
953990303777722368
897775036093870081
564828905
769536961627365376
1914847057
809002334110052353
977944172748529664
194580095
534870192
865784234379706369
711945494998679552
775507721030361088
2477994842
398999640
958574821973069826
934218722671251456
263333781
1434185084
116352479
3090094896
962856652641898497
2319540181
877565558866276352
956736154664972288
2579244145
879509524880732160
989229452210171904
974125952912543744
988958029017243648
1624061378
933951607225638914
3098816338
2366038694
4175621237
862358697594413056
327698413
3296509948
958693977993117697
977788850796941317
1128439778
858470630114635784
946390203392020480
4828261520
769374930995650561
147644633
481069422
884462378
3604022115
950643761066987520
2627566562
498655400
989201500814675969
1539013440
339731415
337798873
232249341
248702490
758040543578427392
888361081084813319
4739352395
887775567139012610
989518300190330880
846003618
715307175585964032
916365283446673408
709935237921423360
573947474
117284755
831587560937779200
879845617891250176
429447196
1297176612
256246344
2366038694
979436214
344613020
1190993864
970442976303435776
127012743
3016001127
1425573060
980432853069594625
18065280
3067785387
166157233
983360113
1687029534
587217426
701786385305509888
992511038250680320
930943909785735169
817833194833772546
851001795627421696
3421122519
990234055189979136
911047521790722048
2772716614
71558540
906290062832390149
852483567758213120
826368971993669633
722388279006490625
863173054733725696
777709345731649537
911036144384651264
631898243
963723752881180672
2982721335
892221224847364096
957381228285620226
974299664265695232
913400815846674433
914944193461702656
2695808828
714841151526801409
758959063078100992
809018092525391872
585008132
879509524880732160
450960675
988958029017243648
522565820
739776257689292800
764128068
946068807843483648
771134507256872960
2530490070
2583283474
145746742
989155444940734464
382307274
266139249
362414292
780193722394959872
469016446
3033323507
1065425690
841336191899303937
969601503634878465
4252349799
437734610
2451937549
472184797
242928585
2749417050
728601097095516165
2867306759
377958327
1026790208
736266300792680449
382223328
1685863094
936446633449058305
986286195914280961
2409185654
2893600175
938893211078221825
807620649535623168
784437521778434049
792744812931911680
951878455767064576
908137495237480450
576433305
958574821973069826
211474709
4150945213
875065555308380160
356914965
907404086773010432
991026620730429440
943491878787387392
579698482
2561486894
986703011757031426
2359988539
790680545625776128
3677283917
983613915165753344
2198084122
3367749849
3291422433
2888611169
231501802
990199777324355586
2951986907
1106309286
977054129326559233
57835291
2312245598
64139243
2322757195
531325177
795797090
1875552078
2410943104
767491572296458240
811707157896986624
802845074
878755282733719552
413929507
792856676013576192
1631317417
4825212407
934650846
560430699
995018501864722443
312131656
994653180150599681
110231838
4912508854
937874495901257728
722005652181291008
983368796172931072
767728246649749508
837026852803854336
80036940
935310862096785409
4883512703
3320687445
986036261730299904
788373875092492288
1156915506
245362724
951613833164001280
708000222450982913
41615516
768093867317071873
993077260298149888
105845512
812475769242980352
973552258259607552
965205614367576065
1667850486
988945893176070144
781263111022055425
1626646532
752879354749812736
766457728869003264
3240145191
903169025764716545
918566932575604736
2678845910
748086816595664896
818104142514257920
826475449240875008
409190382
4403117295
731183305169719297
606210303
979050538447917056
985623822224281601
279652415
42933426
3536726607
848219127332429824
3240403024
993178076786937856
832315852720635904
19258461
891529116746383364
983382699992846337
996603066567806976
971410435760099328
992590823199006721
720401190572281857
776336928497164288
832025104502636544
972434908147798016
941173506087313408
776494373815128067
3383225559
792417993150046208
979473412623126528
246394559
915030173900263424
1918540621
300289825
53170393
781872240711393280
322665334
31372181
134142362
984454432518823936
227349510
929220790968569856
700497142
522489548
3600257782
3404812985
845636175859716098
1374278912
3024456128
826433307562885120
2929194898
708573248276008960
3121093473
844190067929354241
3044653491
996837204168232960
3604022115
277929557
7764092
293146930
975548512942268416
2778134311
952336101825445888
2309241486
710102401898905600
987997173647400961
2949256277
994519956208439296
890226006551912449
386090258
2998469777
1940641110
999414111875293184
2992421339
795716931986878464
3629931373
404278501
877636190433935361
875823134204723201
794283883630051328
1000419044942479362
785753245012467716
335929376
2484768624
1287761142
870320890709520385
475078654
3438847391
934847970041847808
803277675921969152
373690596
4824171353
899711480207212544
879902954064666624
999093734527651840
998862715165794305
907750079615918080
969024401210474497
983418886015127552
3432884225
