999293770041577472
998890194521739264
999054131049484288
989896837770498048
990256016926433280
998941732988489728
995086276863971329
996837097838399488
990736476500643845
987464633761099777
983396175628906499
963397348708646914
989192498391207936
995717060016660480
993160029690847233
994748022796976128
991717072882290694
995402630103908352
993614637294858240
989202620588969984
989469676811046917
991802697337786369
999324494845169665
986171940837654528
992526782011240448
989454880485068800
998580146553712645
996687704866861056
987776197605117952
960621091168378880
989877206171242498
988831676439695364
991780339461783552
996782613393281025
1001048698888114176
989821819183095808
990183150033698816
989259851607040000
998980183045693442
1000749713249927168
993818126247657472
999779611704676352
992732881490411520
989931089270632449
994465729301962753
980509714990628869
992176771318464514
993232998559559680
996055058000367616
995264827739303941
991724621941694464
991957015323914240
994550123911831554
997568296789700608
989436622709166080
997677275188551680
990622279129321474
990598147931099137
989606514397667328
996511798303055873
996072678695034880
994928431379959809
988852745837989891
995341497473093633
999748867477385216
997104448190099456
986962914774052864
989398676417134593
993904353860780032
999323754466594816
987617098066210816
988841290790993920
994754931373559809
988061128273129472
989503322578137093
989995178898411521
994509697242804225
986345022105837568
994221820449574912
837708938569216001
991855812074246144
999231495960133632
985991669924483072
989849169883029504
993900125540925441
994140424557219840
996751236706775040
982519310714392576
996818076128735232
992096258373251072
998727200982601728
925351891114123264
977637492215156736
997112034796941312
995400623834238977
997880861671424000
988728018813284352
992118447806078978
994385859590934528
989261246930345986
997142178282508288
996867609634189312
760866943452778496
992231136343535616
997373783429271552
996511022511992833
993746135469699074
988436452592799745
995398314181918721
984133021992345601
989499998680252416
989648976877162496
995393439389929472
994973852940763136
989128104349175808
964353398370955264
968442588813496325
1001096323360313344
989866760940777472
994860465879764993
991744951678586880
1000021902331711488
997481918466846721
993080305715154945
1001190584814653440
990869086103048192
993946892026372096
996681085827330053
999077381825613824
998171651610152960
994916826017615873
988705225858080768
994384549349019648
997193959918227457
989699822646153217
985540984640548866
1001122034288660480
996822613036093440
994470593335459840
997042223786151936
992760850615361542
995762435528314881
987088864568365060
981218848924938244
997515651953635331
992585803036610560
1001236136835080192
990733533902667776
989897397240254464
990276702256402432
994995525484236805
988853879059165184
999738391066374144
992214040167534592
1001226115103379456
998901096709050368
995006333580701697
998293759346569216
989883420686934016
996512532004192256
989362999432482816
996862484983242752
997429257998610432
995001348570533889
997076358554619905
994821851997261824
994727057014870017
989473261993058305
1001010220267601920
998879249099522048
988838164805705728
989176408332292096
1001279153537277952
993442132152213505
988796251968851968
994377333183262720
997984220789329920
990160701560885248
989451069934788608
999774307692707840
992525925131661314
994126269230002176
992067797059555328
999406247890817024
1001120961301803008
989028737487273984
997562806604976128
989258814217183233
994588150826663936
992466704256110595
990542254556221440
986679169802211331
996493540481011712
994205216957435904
993699740985581568
995796207019741185
981562441963319302
1001110357627334662
988402190065831936
993999861338042369
994926930620280832
992371406619992064
989221511209897984
996102548548448256
986594634456616961
992821648452616193
996496170393489408
992836570846826498
993439706502389760
992107230966288385
998330352430080002
993530415712493569
992409305721769984
991048407098777601
992797893387046914
1001262210478428160
995062268890112001
989213054025035776
996777808079749120
989275664393080832
997451058166288385
996795023717892096
989534100699697153
1001244697841500160
1000435463889543168
990875110621024256
996768231120691200
999750702602866693
992065820720234496
994674459029200897
988529294661111808
988358135084658689
989458958501982208
997956507202355201
989911698566926336
980850440274407430
1000664283200532481
988937925764239360
997982799054458881
994635915694956545
990724448947929089
999683689859698694
990684304459124736
984092873460211713
999010803285151745
990760097826725890
992562499118657536
945529796574015488
992461299324981248
990509714747351040
989216646077304833
995129528321282049
990815452120207360
989660274889113604
996536880022867968
998592390591021056
996065606268084224
995037182921510913
997805375901626368
989806385025245185
989961081677340674
991669764652183552
969703191301574656
996743376958521346
989500846625968128
997513643997696000
997625428524388353
994595160594972672
1001263013431685121
988765128354131968
991392058681081856
999721592811917312
989870639195607040
995021309561237505
997682203407667200
704313638161670144
989670060582227968
991710297533579265
991359196603015173
992365987671564288
994581746363633664
989750802599239680
987085996926865408
997501401101144065
991462271196041217
998146702325534720
999012550758019074
989904223008587776
980392646484119552
997408237388533761
991979105636806658
993930739715596289
998890194521739264
813849980813398016
991697608954478593
988989918193045504
1001171993914470400
999683283645534208
990854759899959296
994003389955571714
990621741952176134
997543174435418114
996694353799237632
989196046310965255
999759843685818368
996207986782580737
991736771074494464
989827513764458496
992855336234168320
997422405122514946
999331669948682241
997567606491099137
986676121755357186
997183643989807105
999396425594220545
995244503605932032
989636167694942210
993282345246453760
996478081975111681
999655078691856384
994379533636788224
997368700322959360
989629296401637376
989434615235522561
995429981860913153
989453987383476224
997471754380562437
989870537718497280
997963966281232384
995407068805857280
992009809502359552
988283005369290753
994181907767353344
992064892067721217
994331228152172545
991371541819658242
999330395803045888
994685983600926722
996782980843692032
996435003432202240
998941757571248128
995454908764651520
991786830654836742
992420271436025856
994924852338417665
984599770642628608
991706132182896640
996044623305936897
994213796414619649
994020730038837248
997921504443551744
989354374697799680
992018280293588993
998842782818230273
989777451403300864
992371715182415874
992689551750639616
993177907798446080
992097336129085440
989809283352158208
999226916182921216
990186472404930560
997902134799716356
989435375616700416
993981085007732736
992568188297760774
977299242455912448
991762992906801159
996395682738180098
989558433161580545
989115904142307333
994955421571002368
998980404773310464
999342553131638784
991478617086537729
994582376754941957
997278780992512002
999349702473723905
991361470687535104
993217253171544064
990044391405441024
1001088429365571585
997467093053435904
990768710431510528
997884966502576129
997548049827352576
987831030622105600
1001123843849801729
989073488274251776
994647953183793157
989191561085931521
995008194664640512
991947722163974144
991981410465533953
988749048051060736
987744263629955072
988750697289146368
991336900647620614
990908718568099841
993558676245024768
992450556055707648
996056795083825153
999338264141156357
1001041981798273024
997094823462088705
986931755646144513
990319885388574721
993108666545995776
990572941770477569
990665869087866880
997699701079232512
989528761342283776
989322992952979457
994907274685673472
992189548594647042
998302067247771650
999725824092835842
999280776473702400
997424873596047360
988912905298108422
994962227546509312
997980715676585984
999715013475565569
989239735364268038
982295297811501056
998192237128364033
994892914873589763
994231957327368192
994972081254223872
999364593100251137
999708878991486981
999613258016292865
995695251590406144
993335742381412352
998347732585779200
1000103967211311108
989135457954009089
981266591366238208
990398166926266370
987312710990876672
987200104212914176
990886056412241921
994608138732081152
999607003155718144
997957878194540544
986662141943050246
994712183333408768
988719355516080129
954392217447206912
989799694720225280
994847454712549376
999457368617472002
989499625785712640
999611416163356672
990544743347228672
987092908481417216
994978653564882944
997066168841089024
989065451958423554
993207397492641792
994602118517583883
989532380175261696
994547864075489281
994730797713231875
996694282252816384
941017948361232385
998329310372122625
989534905007857665
989813948307435525
1001265527615049728
997439779255046144
992575372121333760
988717277028732928
994532611992293376
992847849170833409
994731301759578112
996350965015109632
992824932995424256
998856949159682048
986954674938023938
991383789011132417
985684085438926848
992299780163321857
992415681667837953
989771203718991872
989418530247528448
995439879977951232
999455303958761472
989870579384750080
994654052695838720
991247155443765248
994273474356105216
943036704402952193
989551150058876928
986529961673740290
994203233160781826
653723443049852928
999629809750769664
992083942453936128
999770565056479233
1001137229476126721
995054119726567426
993870318526763008
994809234629021696
994889550416793600
999578822369533953
997606115029520385
990997838967525376
707652501932220416
1001037396664778752
988449405664747524
996532720456159232
989908175578157057
990283894586003456
999370802159144960
994350953599037440
999718077129461760
997187244044800001
990812607392120832
990766693118070784
987346342459650049
964095482401382400
994908070043152384
994960068037697536
996391542628765696
988872571729870848
993813187479908352
987852947546656768
997023003660734464
989393035850022913
988716278457257984
997108108899086337
987979480730828800
995072128113434624
991940055391440896
1001020119399583745
994734230742675457
989495795069145088
742107290577309696
996666132739354625
997259886604922883
995009888077172736
997490229689962497
992004125398327296
990363562299265024
996784212777816065
994611462424420353
991049718829670400
999187205842178048
990802876132986880
865316189492445185
1001178397702270977
997731086527582209
991267974790156288
978981436048003073
989442823605968898
994525754494017536
997085588716171264
992931372883939329
990455803432898560
990606973589753856
998295985204981767
990967433925144576
999735806687313925
996679101300772864
997139222447276032
990568727463776261
993221782189559808
1001196449818955782
980791844656295937
1001161311210885120
991982221962760192
989459184432308224
991034445703581697
993615836387643392
987433317955002368
988733288717090816
990750165274374144
993133588861288450
990601629643747328
997555211853058053
993332322740162562
989094845141737473
994990625014599680
995137519930040320
997514777395105799
998856949159682048
995351224521195521
995082405424914433
986160916994633728
993179336210513920
1001284723359080448
991495124701114368
997902738771017729
994611883838705665
998897556498407424
990621739913637888
1001194535354028033
998666944495673349
992458450214051840
998572947752222720
998574620109430784
995272410340450304
990500935464972289
991661325460955136
991976866721484800
989484480829112322
995934243254689797
941354979260018691
990213461689929728
994561553788698624
988006782701395968
987996432685780992
993916452586606592
988904212657524738
987780579646156805
999860015166115840
996112376436002817
992037649866162177
989233822175760390
993423449153556480
999591871369400320
999646196401504256
978093863993774081
995026858411462657
994473460066869248
997161750318538753
997283722314514432
999409119441321987
999432597943083009
991458412964798466
989569528957939714
993326552363479041
992555653121040384
991705188300967938
991790705126223872
999316162654720001
991525146627276801
990901144384876544
940975979392045058
999763952098840582
990198455258710017
1001021440643256320
998231056594690048
990657270068531206
990812082651238401
999360578652196866
990675694383452160
986567118077513728
999387135194095618
999318689076973570
998171651610152960
998894996769071104
999713592550350849
1000756402992877568
999368917331128321
995864793281163265
992341419523264512
989132050539208704
994274388705972224
994614474811301888
998162532920635392
992064524009312256
997465329508016128
989538549417631744
988515038976790528
999240144950525952
988795036115587072
999720653350752256
988459324451246081
997473274715082753
992051491967045640
990726643562893313
1000494170585387009
999639294838018049
983729675280289792
983750585303355393
990695275286036480
989515785360982016
989278237648867329
1001284235561488384
997320377742385152
997306328539426816
989700462491389954
991037216989286400
984491484178239493
999341069451096065
991428326475620353
990629053483937792
990275742025027585
993500725887029248
992157320284123137
994940200651493376
989037844541865985
994507431303663616
998236188690575360
990167505774764032
988881195399200768
997104135555244033
991321378065453057
993838874026799104
990298676106055681
995963127056551936
989552229974790150
985640041509740544
989883971344445440
992363280604848128
996167272631709696
996027146106744832
996491070186840064
933434618996543488
919948239025123331
989851744149692418
998263860544049153
995866652058292225
989433686994161664
990300806816579584
987094632315211777
997536292727656449
992061381846368256
998784783554662405
987066095344463874
978756360451100673
1001251322774028288
411178060805705728
999693558977323009
813472804549099520
994908638925000705
993480797893156864
997200119605944322
994951425724690432
993912787121397761
993173789709144064
990580258662436866
990789723139530752
975183781182263296
986197163326787584
990158802447208449
994726793612595200
994654207214006272
990419596116144128
981562441963319302
997913519470403584
992687916433502210
990736255230103552
994538778235633666
989156600790347776
989469600088842240
971735849263161344
996490531982200833
990366052629573633
992460514377728001
999669307117273088
994520954591203329
998268768462757888
973281748317560832
989445996194226176
989212380944093185
985290917400711168
998320117690896385
989957991469387776
999325853380169734
993134307823833089
994031229388382208
976789500671209473
990919998016286720
995028142820593669
991413898485157889
973914364116918273
989929618709807104
990024896829902848
996402631974293505
995687696692629507
996801944088993795
989425841586278400
993905619718557696
999706719558258689
999774307692707840
992551871259832323
992216148908347394
989695309965152257
997280127691251712
978335191671468032
992746286972592130
912713057796870144
1001287322602700800
991741632163786755
986688844979494912
985123940166258688
999327719224758272
989882478507778051
996133215592173568
994557000976687105
990444527277064192
995025955042230273
991721430416084994
987379581429735424
989102284419338240
989600117022916609
997957878194540544
992055486970257408
999594626934861826
998369820616921090
992044293027192833
1001129268989104128
986336433077092363
768159237092540416
995071445842702336
985639213696774145
992393658061090816
999050346709356544
993861528892919808
1001199794738614273
989868888853831680
997492004652273664
989910384818708480
992302067950665729
771396667455246336
994649102913765376
992049966733496320
998917763753234432
983085609895055361
999754595650932736
992429542827610112
991491381385408513
992453066078195712
988867092190580737
999334442127806465
989873733249748992
999681430941831168
988488868566568961
831875906339794951
1001235237899259904
989099923063889920
995988131529805825
994718814561603584
992434112525930496
988407579637403650
991711845974265857
999643372028604417
995959656894918656
994002265844445184
988196180768239616
995116106003177476
992021443713097728
995214343712247808
990584565549977602
989952330266275843
989503562219687941
999443940536438786
1001253033873956865
996338363383926789
990578826567708672
990740848102006790
990642464909246465
988370904903180288
992904470123241472
995088241702375424
993376688762433536
989079953902891009
992858492087259136
989901810050662400
989145339407097856
993984438915813376
996151117292720130
990626901940154369
970896644119126016
993213522959007746
997063178403098624
989831421119352836
988085869646090240
993260876407885829
994728260620693505
994606719421558785
997064913385385984
988855314270351367
994683938886094850
991032376267563008
991211609036115968
993486888857042944
989544744740061186
992369455593328640
998320657468276737
990039933959200769
990437502254272512
988402118309576705
1000004411182239744
989988856148774919
990662753005207552
990205572334092290
994653545927503872
995625876892147712
989922626649907202
989511157840056320
980764040472473602
994642560680423424
987003396212252673
987351936490967040
989823089746866177
994618357872816128
993514835580252161
994629208549838848
999774043069960193
995962542743748608
989472776749658112
989426982650826752
996998413689540608
974596463564152832
994644018997981184
993594881179176960
999732520106147840
996183481104457728
1000884339020836865
999676326826139651
990821316931604480
997984287491330048
997468782418386944
999704145090306058
997452588256808969
994517401038303236
1001108834352599040
997541881432170498
995995649719132160
995012679680057346
996299142291865600
999697326867435520
995210977250508800
999436314918440960
988787767466479622
999050990807547904
992196865876725760
990866091697229826
982690172209913856
997198655173156869
994154062907047937
998940711100846081
995261051234013185
990551470691975168
1001208583428636672
994562710603030529
999618155512295424
992230849704873984
1001131107855863808
994679207065141248
999676904763547648
992469659029880835
999090443395780608
998581662735847424
994747053342420992
994908918034903042
994984999043698688
986597014967287808
996680534922285056
995936757844709376
990505417896812544
999205835355119616
983324734808121345
995444451085602817
987696223485390848
987144447627485185
989533394680864768
989470812745936902
994502250230960128
993780610383732737
994677136542830592
996540776212566016
992051078991695872
990740761556717568
989538583726972928
989616345368137729
996738677823942656
992474943022546944
987880560596062208
1000111170760708097
1000628115754967040
985499642547851264
996589512892534785
990188601039179776
994751928931319808
1001131577852735489
993236215334875136
997976134280269824
993327244465573888
992193088335499264
989033669707878400
996792815135928320
989266587919233024
1000181716324110337
994526139287732225
997200946173267968
991760128767680512
989230374898282496
988847185059090432
994525498901442565
994907462821142528
994510788814606336
992572692493631491
986045662675513344
966683623205240832
997903165650423809
994686384530223105
991648614932992000
999765812792655872
994864594282835968
990608748870819840
1000780036830580738
991733268952371201
997548755539910661
992433938676232197
995410988764672001
979775893995483137
995080745520697345
989475832841363456
989589812779855872
996869466934988802
994060584630063105
989507503779139586
996407202775740417
1000797785095069696
996674341256482816
989903595624718336
990228463620681728
999586555915317248
992063736092528643
989919975233204225
997368058200109058
989744258499231744
989636684596764672
987717562917146624
989576174295834629
983782545606266880
997431674836279296
990935383750963200
999732076621463553
996083046259613696
999562128901263360
994534103126102016
994272037123383296
988463501634097153
998609557151678469
982249113419857922
994669823379505152
996696233329782789
990842531217854464
994225533692137472
995091429440544769
997461701992820737
883404493425000448
999024971639816194
990191959045214208
995403237539897346
997478117089464320
992436180162670593
998301095171674112
994853743857455105
988800343814344704
997496420696580097
990629345021583360
998550738300293120
988500752657240064
1001273301103202304
990448151415873537
984082648787308544
989446591147888640
997957554952196097
1000094675070541829
1001097459983093760
990023297239863296
993134315620962305
989835077042556934
990534015273795584
996417838356320256
989557157841571840
966784465317089280
989384799524704256
967404847413846017
983871276539437056
995283454513373185
991726292620992512
994032147097845765
992071295373197314
994621082283003908
995715490264879106
987254734045302784
990387842290503682
991728142258712577
1001132943279034370
998628783992262657
992035038484205568
996443322880266240
990446900586471424
995015352697479170
989434419307077632
980266768919924736
999367585677357058
994540579991314433
989705099504181248
992006014013788161
990607257518989312
987454975159816198
985832942579650560
994565442214809600
989582554855505920
989061397450510336
985601349860634629
993249870013190145
996547334262706177
801011087470657536
992435409840955392
994650299666190337
996138991417114624
990969384079429632
999636897663275008
991354511506722816
994713847486406657
1000845368320495617
994131692209270785
881982016958472192
992311215761178624
992558962863157250
991639259735101440
999008894801338374
998573069286375425
992037200496865286
987032552157433857
992438635306811394
992846358536212480
997543573569593345
999573110457237504
986318775552299015
997495409848279041
986682006380662786
985203830756380672
996284486072655873
880016197227511810
997509200329805825
993401557357092864
993820923479379968
992009367561138176
992948274670788610
989822351679410176
997474221885480960
994005787516260352
989816658654089216
978230293642514439
989594096506494977
987336903891521536
999027424988889090
990651642809913346
995101605249757184
997545853098348544
998917763753234432
989817766663327744
991715226667159552
1001080982513049600
991851534106419200
998231056594690048
992709650117210112
989426649954488327
998850333421064197
922057870308466688
983058285182976000
994998541021011968
997268872658079744
994873182208307200
997433840661663744
991026546092617728
990698008881893377
997480956364718080
990772917213556738
994601830897340416
988154828785405954
992393283782537221
994544956982398979
1000535864907313153
999592193651245056
1001274764609105920
985638993877401600
996707290492305408
973172904941838337
990329103579537408
990737615317094400
993871269039878145
995703615833694209
620250283189366784
996711508980785152
999584744806502402
995332786515988480
998945732471214080
995002066207731712
956937309399801857
993611985706156033
994263656232882176
999936604650246145
992026119695159302
993859037266661376
993951174176002050
993511667593089025
995034309089218560
998811311646695424
992057101181693952
870037413619535873
999393612575031296
996905428427661312
992515047539822592
990643193795567618
997386608629317632
996464281355997184
997492181949669377
999457864367460352
994201924978270208
989057832740966401
973172904065228801
992173365971562497
995316156385976320
996793265373569025
989798944262836224
991754146234753029
992071455667089408
997386355830337537
992200057658249216
999626278893510657
992787778239950849
999090282611142656
994303063371452417
983336332171923456
994184429387034625
989571697220108288
996868234715381760
997399994972819456
995120472474955776
994936934488268805
997094046890782725
987118658840354816
990939073656143872
995625876892147712
989594888927932416
1001291277999202305
981487166277726209
989747586348212224
994346796481679360
942474520866279424
999318896598544386
997545268424925185
989064053594185728
989418091066077184
993511970405015552
990323877770350593
993551167329329154
984644419113504768
989870973825449984
986673380152741888
1000096898835996673
993510655650156545
994547846362947585
991085875944603648
997884500582559744
999064545686704141
993785763765653504
989727572173864960
990715865468416000
999555671178797056
996872909099593728
991777584315760647
994291221177749504
990611005221859328
992155715094663168
989277911978004485
991777246758293504
989464026689228800
994748843106406402
989490774277410816
996788556705255425
996719197475540992
994976725544161285
989821051126341632
829380188278501376
990392923362603008
997332611830833153
988882828908736512
994655514272452609
991993248259469313
996703085044092930
996739599648149504
999670701668950016
994880552917504001
997501931454107648
994013250302996481
991762950624108544
992091158401581056
999421085564243968
885582635350843392
996774574804086785
989443813381898240
989496548630417408
996000749787246593
997409972991512576
994586371661713408
992445338903547904
973172904652365825
988513328917090307
999639294838018049
992546244529672193
993502662493724672
995002684901076992
997856232399687684
991212395648507906
999018920370737152
1001097907918041088
1000291109900374016
995093016959422464
985826841863819264
990388606593363968
996925560369700866
992044606228385793
990402430671220736
993622558858674176
988415029736337409
985189504809078785
991739107763212288
991822914570915841
992340700502085632
991760128767680512
998842912057233410
996897697570451456
994182622313107456
998552033178324992
988447061577228288
989763204682153984
998705817514860545
994422713086341120
989572518829809665
989555261676417024
994984066238877698
992343559583002625
996082946921713665
991361611834118144
993927986540724224
991588099661615104
896092914182258688
985120938759999488
940650580342661121
1001065617770844161
1001259138444296194
989528568731521024
992405347615862784
989878652396605440
1001222029125869573
826531884645638146
994228170764234754
992087376632528896
997124181866237952
997586147827245056
990619272165707785
998954724035563521
996186203442634752
1001241737229160449
994957272173498370
997430840362700805
994728202508566528
990668704240283649
522446845382262784
992479380797521922
1001045257969197056
991716562896867328
988540350246604801
994968580188983297
992388367550701568
989653916462829568
989286485827489794
999772866190172160
990758993453830144
988470124918210564
975486544818655233
992311985013342211
998629526014963712
999592026718068736
997516595130978305
995030789351006210
999359795701473280
990621244394475521
996744617755402240
989953940056870913
1000960583368355840
993622463660658688
996647182735376385
976249838802276352
988343179526246401
989541039810711553
997529124456620033
989623435834748928
994278919988809728
989355294131027968
997148233653768198
992107408393756673
996119409143025664
991582211232141312
995001632722227201
996481998666567680
994603384773718018
992072156208095232
988719251954569216
963455831776874496
999278808816644096
997481283222753281
997199225795596290
997398823625469952
991793602660634624
979764465725071360
989347762486632448
948654603930886149
989904865626349568
994540181326790656
989831880588410880
973572628215730178
986375751216877570
997536389741924352
996764929372934145
1000837822201389056
991574403883282437
994523689394819072
993559625223073792
993167356036775937
993011774688518145
991764398506217474
998990721930711040
989160596779266049
986555074834063360
988334860610818048
996012357041180672
995324467688636417
999684700565274624
774290210884583442
995783604255981568
991427298132885505
833377253769805824
989264448857796609
1001268233968734208
992056515577237504
990562823532044289
989526447143444481
992146650981335040
983768960071069698
992846623297429504
994714794111455233
999638855245496321
991420163651198976
994535449522835456
993224259710390272
997544457418563584
992024037160378368
992811736465108992
988591615706124288
995109210978422785
991412071211429888
989951523617521664
999012212210655232
978391195373228032
994611902759219200
989166190038847488
988349469753331718
982679780133883904
993262649570938880
986616846018326530
996442636729946113
994169506724446210
999297188143431680
999709818029068289
989483047065149440
1000891225921277952
992022937959059456
999023172300300288
989566045974401024
992011433452949504
991339140519223297
992022651207118848
994175494160515072
998483979077652481
1001243197866168320
1001054654233546753
997494029192433670
994724579691126791
954066935720955907
996564530972053509
989995315557294080
994324959580311553
995422501093158912
993801454199758848
996817366691479553
996152559273435136
998336703113973760
997765382533472256
994319385887113216
995023457237848067
997403956639883264
995233267451351041
996760628428787712
992600457641103361
989661519389577216
992448027695747072
987251106144235521
997962269299527681
998730765679636481
994860562348756993
996368068581449729
994977301791215618
988599443661426688
997174764321038336
988510042285641728
989811286262407168
991308374687043584
995110036513968129
999679636333350913
997115613570101249
989667227833065472
986927384879423488
994030156892311552
994750197254230021
992466256862306304
984854004474826753
990276692894736384
996039064448110593
989345750927593472
997383083782324224
994743964916891648
988130018332045312
937290108306427904
989734513637974017
995461989500514304
992308848198270977
994287039704158208
999752242189225984
990972586585743363
990578626847535104
997189387283726337
999702906147344384
993138595216220160
990683499312054273
997555101387706370
995429491097956353
989851811451371521
989946702672138240
1000605812648218624
991964841450590208
990614314741633024
992735629724315648
990678834398851074
991656397371854848
994713831757832192
987628410158579712
991683536955625472
997009608454606848
990538754325495808
989436222740287488
999713592550350849
994628938885410816
998318006462795777
994355075068907520
993323476160303105
997071007067398146
1000452504847572995
990602886487953411
899401451302080512
992507023777566721
990614007190097920
998958552239796224
999685510221221890
994537842025123840
999614043315990528
999285902760402944
998118694462115840
992177381505929216
994737115081728005
999743679568007169
985336159432822785
991065958587555840
990729189497167873
990679612949610496
996407202775740417
995030938068320256
709855886995537920
990453340759736320
990269320415666180
999564033002016768
989881906438209537
999599415760433152
988753963066552322
980446449719750657
996478465783271424
993163679024799746
994379476376145920
989480557821210624
989111829262725120
989306523284332546
989874311589593088
988122178179694592
985887040196751360
999766068955680774
999452633697054722
996199069046525953
989538163810062336
993233035570053121
995080245706412033
982761501751726080
999079041247391744
994857141830868992
992076790121336833
963034589483683840
998602188225236993
1001244800404869120
992428658739597313
998842912057233410
943104519872958465
994767880540557313
989081242137255938
989454436593487878
999348482401013760
999100479387906048
990860581539401729
983421528032161792
992321150935060481
994149515987963909
996738452774445056
992175533994708992
989580157307453440
997873264142749696
996121636981166082
992133696047271936
990686148149305344
989210707538432001
989544001673027584
987606218289147904
989516870029070336
989874756529815552
995420090274283520
997447992880877568
991588191751823360
999533795845001216
987292460228530176
999296096211030017
983830984322945024
996192199703453696
984769547814211586
995024048169082883
987287146833829888
992468135608451073
983830985002356737
796142116241960960
993289125053763585
997456863527514112
989835628840935424
999421681373466625
990237624223879168
995064457993781248
993211727717240832
989566706577178625
994537150644391937
989866374129385474
996830702195937282
999623686524145664
996456994457473025
989430609364815872
992567563371597825
990863329181679616
993223964318142469
991427525371944960
997939050878251008
994488715744632832
989007491475308544
975728611754987521
998319724789452801
987096422762893312
989650380538699776
989495259162906624
995847592260104193
999978905049149440
994279044001796096
999153465493422080
990740948412923904
999488654719451139
997206201267032065
999765436446199808
999401795033227264
999229190095491072
999683990142451712
985748988283371520
989872712976912384
991430487901196289
999746906132766720
993980614343888896
987030593849479169
995031820814180352
991043595137404929
992195229125087233
995974616534454274
989522352223514626
962097566015000577
988402392508125184
998746603824537600
1001034195160977408
996430264845979648
989206954928156672
989791309153165312
989462005231833089
989793826406567936
990875355039838208
989872401818308608
995715490264879106
994568659220811784
989347186860351488
994245928218447874
992468363648651264
999324494845169665
988436481172701184
990663046770159616
992248038985875456
998495597568065536
788515145702137856
997481239123722240
997955561311399936
992142600596590592
998661878833393669
996057740635262976
993280725091831809
993232612385751041
998337105586741248
993918458281766913
995408516641837056
1001211013612613635
993325117991243776
997486598869671936
989198139302301697
992959098369998849
999654373771894784
981838335319707650
994173181639487489
987002360227663874
987100478407348224
990304115191439360
995109045739708416
990705488756199424
989519007899414535
984622299814023170
990649081931288576
996137993445535744
899733536575455234
994542887877660673
994523127240708096
999714054854926336
990749594957987842
993152606653636609
992082862206803969
992422637883228160
990782392272027649
993172897115049986
994520824081256448
992151309783633922
992113451572105216
990367959687335936
988482530503548928
989878608893218816
990757635392667649
993215479740272640
987368837275377666
997424221579087873
994920381428457472
998320188666892290
999527884988604416
988916051181268992
989885485735608320
975494770255679489
995448316635869184
973345057519603713
992450760993591296
990729561867505665
997327501654405120
997748697134915584
995687696692629507
988940685284904960
986628185285627904
991413883549179905
994328405939179520
999259637282156544
996853035719643137
989390686641274885
989861461454450688
996721326294478850
997966979456819205
991790044045340672
996058302088929280
992829806780743682
989349172213055494
989240988341342210
998189778850996225
991303570753507328
997726355499438080
990299064788013061
996448917192691712
989149165719605248
925513332840419328
988704868641722369
996157577754038272
991872961723285504
1001257210213752838
989636619161493504
990279639661719552
997880381180403712
994344190795542529
1001176738863427585
994928059932467201
995090350984351754
989319955215724547
992108213494575105
993171041777221632
989974596844687361
992818235455279106
996790876427997185
1001116530447454208
999709097984479232
989473410970370048
989209183563272192
996118036124925953
990760097826725890
995018350546866177
989589038385463297
994344566294794240
989700977077968903
994141201136783360
991739195944263681
994037070489358336
989427950817824768
989033553097879552
990717922589863936
999045479861227521
998714202339627010
994199562993766400
1001106765709217797
1001229950567907328
991880880103739392
989467176401887232
981850200309489664
997612918719041536
997402230197293056
989876072417284096
994537565456945152
991727504347025408
994519381559468032
984015802859950082
989897408439087105
991965695331139584
997169787670355968
995293783167328263
1001177393397190656
989434459039649792
1000717860262612992
990412456139874305
996417004172017664
990625470365528064
997891638864285696
989293629549182976
992434112525930496
998126182435565568
998622379248095232
997506900496470017
994535635200421888
994659904219766784
997500026589982722
994974958332850176
988826878784962560
994534063406018560
990706369761370113
993696107476680705
993151140194934784
994583253641322496
988353925484032000
842070145711407105
992865861240344577
997542691310329856
996093293875417093
998864105879560192
985312905817133057
986751556170276865
989866363949862912
980808684157718528
984087896880812037
988159233345622017
996053092742434817
991937823287730179
998294212771794945
996878872443588609
992571328162095104
1000031832254099457
994292083618930689
997374938838421504
971498025767067649
990602291928616961
998503868915994624
990672888951959557
988747065521000449
999705023763361792
998920003436064768
992059074614358017
999589253838524417
989823366302400512
994254513895890944
994302394900074497
993602710573408256
994936427082285056
999624380509499394
990583228133068801
989290509096181760
992468134148935681
990854880104509440
999321914886717441
999037540190642176
997459035115917318
999278808816644096
981246264741425160
989142182140481536
990615038670049281
985807108330442752
841941846809055233
990252135760752640
1001048266631413760
990902808458285062
1000720906585559041
992431796167077888
999381331665719296
982264790780297216
989502650000519168
990337426781589505
996888270104616960
992058677577252864
969950701483954177
989464848567296000
992457011433484290
989402666601246721
996002977801437184
994642299693957128
992347751919865856
994509004931035136
994023156292694016
991873744015536130
991809418244378624
998236351760809984
989845628644679681
938899822177849344
991417932466016256
993158593540247552
995326092666986496
997149988017836032
992386566000701441
996796206415302656
996628541885308928
999217925688119296
1001055522378997760
994208896184209408
997220283504357376
996079067400163328
994954299049463808
999412714467418115
1001023006309789697
992496346987933698
995024704187482113
993251773946253313
997075092340461569
993569046263156736
997548841779023872
997513820414373888
987497897867411458
992469823509749760
990262860898099200
992471476094820353
987247801296982016
994960673661693953
994667224534220802
990586503406456832
995013353633435653
994725483089719297
989829075400380416
990351235646722049
986938284117983234
974334284063498240
986565861900214272
989212255769317376
999618727426523136
981083008353619968
996671979745931264
997433497861140480
994331234074578944
992025360073043968
965351440498806784
994967624042893313
989513101648293889
997312746743062528
987398955767037952
989442481220710401
992146026990592002
999756717004115968
994337017075978240
987415016692436994
986693407459495936
993155011008966661
987359101469458432
992176535359631360
999404185559994368
992878917911498752
997121845638950913
720946836744314880
994978975486218240
997064718266363904
996296631917137920
1001070020955394049
986369474797416449
997400077042929665
725388583016783874
989198388477550597
1000088669087240194
992791566535282688
994963522055561216
990726628572446720
992013450221178881
995822042321735681
965715485592563712
999004632528629766
997450508364328962
994683596081389568
994160155297230848
990996074646114306
999589734778327040
999297188143431680
990143159098400768
977649318415958016
992468071406325760
996180578302152707
994237644593881090
999692931362643968
1001126907042258944
990532411560747008
999710483639865344
999709295204818944
990743967187775488
993203497431699456
989814427968040960
989888173835681793
992192651020718081
994616847613026304
996773917711880193
975824665993150464
986675023653023749
993983941530013699
971087079580078080
997474167401443330
996065248305180672
996198386192662528
999088919647006721
996462206349914113
997984047505821697
997507443541336067
992562019730522112
990675153804808192
988789832464977921
992036477696663554
999684700565274624
995019310576951297
994502351301087232
995079878985830400
996092224260669440
1001268040447746048
992424966435098632
1001212444335902730
997097143469916160
988455488928075777
995383150049136640
989528592060174336
999078235571998720
993184209983467523
999293770041577472
996466059136860160
999302791695945728
966784666966659072
999010333510590464
997964309908029440
994898346316877824
995042683663060993
995274988293894144
988402401706172417
992555925591478272
994010581551206400
997869711802142721
999015461244358658
990812690514890753
993288658227748865
990539887903498241
978997891699302401
994547778381664257
990659697937022976
987320768706072582
993263662138871808
992068715851210753
990200382474407936
991619605650079744
999672395396009984
992327782935027712
979433380747075584
995415665711501312
993613309076230144
993589656926158848
989251890931224577
989573454637694978
980771136001765377
985895702109835264
992869358325194752
997694286086000646
990659576314892288
993883797480509440
989625710783488000
999685128279425024
1000828803718025216
994518816284708864
971886534898135041
984072068785496064
996207007916003328
994631550334627840
989924577991122948
992021092872146944
994034381814681603
989307997338906624
992805736790024192
995100522507067393
999058473966100480
916033898429259777
991983046600593410
995396915637440512
990027872999034880
995058950025465856
994643010678910977
991446753990922240
999598799080353792
990024890244911104
992860243326570504
989427661482184704
994932707766554624
990569279945891840
991683443699437569
977562179594469377
1000371723232071685
989229537039998976
991060411700203520
989429939488292864
992130270143893504
991760475171049478
996533191111532544
997416067524907008
988159256284278784
997510361237610496
999786089887010817
999613282649563136
990653024103264256
987749956164440065
994340676358803456
988517590271131654
996149686649139200
990681610700906502
996568039553404928
990634561636851712
991519691142320128
999739266015137792
989927163787915266
990692046552928257
997467272154370048
997935447820128256
995676330267152385
989818422459535360
995020787756294144
993291867327516672
981580342334316544
981230601847103490
996832265857568770
999367585677357058
994540052674891776
993213745538240512
1001146225658335234
990920698016169984
999316337905283074
991747681264586752
998171107650883584
993235787285188613
995822042321735681
997125025865125889
996132962809892864
999689120409636865
1001088521854074880
994566161701392385
989601065032146945
995097827062804480
994330444563927041
989798904882483200
989851827318517760
998930701629251585
988799423957360642
996185205676347397
997115269737836544
999116653127524354
994955151462060032
995456346995740672
993660936232763393
994851233059000322
994912151306493952
996103224607330305
995985481274986496
988179953178030080
988334145192579073
992137967908114433
989808539563692032
992047423672418305
992233294480793600
990212283748958210
902478482705440768
992571782753411072
994027669623894016
994874183401332736
996435093815287808
997607139244994560
966683623205240832
994557693322039296
994696181614866432
989546715773591554
973246731638005760
992447325309161472
994680475795914752
999504614377639942
995027801005809665
977976924629880833
990616797677326339
994185592102584325
1001111698395336705
994986379191947264
985301234126065669
991877108602466304
996214532459679745
999710547326242818
987903856649662464
993232146268676101
994939180319821825
999730778815827968
989551473506897920
982122061865693184
997616572524097542
994301491602214916
988706599467388933
999627719464968192
994882584139223040
994499348640731137
994332825108303874
991379328419221505
989767447942119425
992587163077312512
994661098258235392
989866056842928128
994963100037152768
990063812559679488
995130318209286144
989613592193495040
989259045658857473
998727200982601728
990633126044069894
995150136279003141
995400159398899714
1000478939998031872
994011427001298944
992332674009387008
992809446681337857
998831489583206400
990708894073835520
997969900378513408
992415419540627457
999639905348317185
997952517278453760
999647064391811072
999611042392170496
992563546776113153
990228804433076224
1001041958339579909
999744750528888833
999626477116248064
997476258781872130
998322941539516416
991523074855047169
990604142895824896
993997025137119233
992474804451078145
994776743226552322
987381632352038912
993897279236042755
997679445531152384
977883226919219200
989092878352896000
992113967106527234
998950998382084096
749220033134469121
997144905762902016
994892201758003200
988897071636807680
998993085366448129
991693799062736898
990713614708477954
989221015141146626
997479306254323713
993268172164878336
991368856303267840
990732894682394626
988563182825373697
983737353465450497
992525338478604288
1001253494165245953
997434453373931520
983345065027362816
997191692464902145
999515357760114688
989187524382875648
995926984386662400
999763577853698058
986737019660521472
988354187623915520
997775264955461633
984284942887612416
999649066354184192
995008564434472960
999097607845752834
988508613370089473
987399832250781696
993771372420763649
994615506224152576
996497419918565376
999277703428755457
989167460317388802
989807233776025600
990659504068005888
979148246177255424
1000796391302713344
994711404325285889
995656175038423041
990650670125584387
990224687828553729
992680316371374080
993665988028719105
993235873645907968
989856158310481920
962378019607326721
987790607543390208
989802435127447552
989454526712336384
995030333421703169
983612326665334784
995014428255977472
994024084479524866
989300716916367361
989867098645188608
973477638852562944
992308131341389824
990686953204002818
994570482732199936
998011384301580288
935584304515764225
998881407756853249
995098476529598465
993789243804745728
994876612301684739
998741238839955456
998879249099522048
991767383055400965
992842510732005381
999081431090462720
994959084867784704
999821733698957313
989904510112776192
997541400198762498
989264097622577153
997523693717749761
1001131150239203330
992239083710693378
994636250496880640
999227204751056897
989799799435218944
1000396430824091649
989247097454112768
993855664610009091
997921504443551744
997952254211571712
998946180326453250
989432618855911424
999751152588673025
990766812529938432
990715716453261312
993541622989111296
993510883186872320
989458592117022720
989824743070228480
994598939608408064
989210682930401281
990222411764203520
985147651413995520
989421321816752128
997517398134673409
996774029813014532
992490677488570374
996451163238215682
999012550758019074
999629281046286337
992474810147106818
990547388640190465
989503008466710529
1001223320040296448
999691710325194753
985569790730362880
991996994284670976
997540133191782400
998861456576835584
996218701136482305
995342394852888578
996257600911151105
998717001752285184
999143378196590597
994123905525796864
1000498353568997377
988866447244976129
996533832487718912
999706719558258689
998347493359398912
993580810182721538
997015543378055169
993594214553411584
999146322681827328
999717913329328128
985979532921491456
984355117012078592
999220997613064192
989266791418523649
995650780500779008
989217839600013313
997454415840858112
790971584039313408
999045731590836224
997476244181716993
989904505998336001
1000023573342441473
862591872560246784
990758149899587584
988529569673211904
997631637465780226
997039573833265153
988383142313676800
989446320271319040
990699560728227841
995266361206198272
997490273012928512
997547357305757696
989557798173315074
984416375941812225
975839062287441920
993967045979992064
995051654419492864
993876320240140289
1000478683289833473
983819636180422656
990745637695127552
993275795840884736
998981964983095296
990752050760830976
997519825311322112
996160662018588673
993912915806818305
990541395323695104
995152632900661248
986543575470104576
990182458783076354
996667100834955264
994994232141254656
989901071265955840
994978047307730946
996837527612022784
994013798494326784
989473619477696513
951795701788356608
989558958397542401
997188033312149505
995302786677006336
1001079639274590210
993244841541808128
1000663981063852032
993786235851280384
980465422456754177
984454283319021569
990667206282313730
997507242663534593
888111960629198849
990652119568060416
999784075283062790
989442984692285440
989446413997232128
997065937663746048
996944230873477120
994594441439727616
982823151636795392
990234094104555520
993656337807675393
993083472905424896
997984123158482944
992508324875849728
992044257241391104
989788665814704128
994217083817906176
993505401172832258
995022384364212224
994172827539529730
989790958173728768
994607157118152705
990065139322970112
989454816924655617
996441564279902211
989459356398817280
998992511497572352
990935009442848768
989431253320503297
979127626215428096
989583237923164166
999647200434184192
1001273690447929345
990637629988274178
994325861045358592
993505269677264898
997954456179347456
991421070690283520
991437877451153408
998889463240683522
989844127868178432
999633540034781185
996775249705390080
995439378125205504
998325192530284546
991984626523623425
988439034061119489
353091929560449025
998720245606113280
988911387689865217
992834989795479552
994246245127540736
997065200716087296
996446656580194310
992525784802910208
994544549048528897
999597039183912961
994200260150026241
993758597124411392
921786425510637568
999586465947537409
998661960584572929
992106986031509505
1001133485497769984
1000860038829834248
981200431509655554
990247183072063488
999589885504901120
989568774776016897
990361105171132416
997438055194726401
992450178350108673
993754824117309440
992309885936128000
988793835122778115
1000465104738058245
996043532552036352
995690692033826818
998194021481828352
996764958519111682
989234848920473601
998019861883301888
989851476867665921
978623911511384064
990651849362550784
999741721499095041
991830842883309569
990621917219614721
990552997271867394
992194748919222272
990602493288689664
1000817152356564992
988734919261204480
993995847351271424
999677406397988867
983380626840670209
991058999134052353
994704271143784449
990838185604407296
1001257039740522497
992532233847271425
988437806216302592
987356486497177600
988510340320251912
998639486480404480
1001239537081835522
585805890500096000
999107722187505664
968863429321809920
999320855908896768
991415404730994694
987147454041788417
998887918734401537
998833222644584448
999507582627827712
992071618292867073
997784304955658241
999736797419761666
991873329698045952
992028685753638914
993824910660251649
990665248238657536
993426332611698689
991803456615829504
993234142912569344
994930391483117570
994191734149132288
993902848814534656
994530981037133824
994392175294246912
995300285554810880
989495483289800704
989122702987485184
995708103986499585
992035445004480512
990774949638909953
975718534465642496
998941757571248128
997549225960341504
999334164330622978
991298949855305728
995227116886208512
997765737359044608
997503995647287296
993080118347255808
944232326610989056
986178448308699136
997398991074660352
989801335330627585
985847210947510272
990716362942287872
892767779664908288
929776107313868801
993376864113741824
1001152146904092673
994532518673215488
990245527731220483
994223372165885952
993052507977986048
992192787725643776
999590324992430082
992084227427569665
989867178576044033
989594939108577281
1001275386880319489
989151042389540866
971838050249699328
999303314079715333
993946497229172736
995090130896588800
994597593085865990
997149470767886336
993495029804040193
989526793592942593
987607664216682497
988107919496540160
988793354673623040
989815498941624320
991309720106528768
987717713157132288
986894288058507265
990975731978162177
994898690266550273
997703815267848193
995758463312715777
987365270544150529
998990721930711040
999629809750769664
992851579463139328
999667585615413250
989581225907183616
1001117352166076418
988425511792672768
994305756546547712
991772919415083010
999427983629746184
990113666434584577
997526660462317572
988819916752130048
993919478445592579
995004035370504193
994279044001796096
992864873053868032
999771318869483520
998973845485875201
989868708591034368
990597098830815232
991943945323270144
996383698772574208
991772918140063745
994021494526181376
979049308338061312
988946351017766912
999703522986913792
988360494871384065
999651133676228610
994982565621706753
999090443395780608
997461812634267648
989461447838175232
994642155518988288
993856799039205376
989390579506163712
996439827653517312
991042606401511424
969300559185444865
992172646770118657
990429211746820097
989524304504283136
999648080545886208
992459684652122112
995113591224201216
999226462464036864
997672044559974400
999217925688119296
995026069760684033
989439204248535041
994479781478584320
993145790280470529
990412991609933824
1001241578860662784
999753580776214529
989081592416100355
994594997050671104
989784848805003264
992007014573162497
956550089488683009
989637879612805120
989525753950810113
992019104084226048
988395297012363264
992102412575019008
990652764765253633
994223194784575489
999077381825613824
992512282956566528
997611744649412609
999584744806502402
992463267749646341
995088248828547073
997245897766354945
995359933456580608
992501243275866113
994889088800083969
991739101828104192
990663723143630848
996163133822685184
989670743968571392
998290051107782657
991924539109060608
991488259615346691
986811455675797504
997610346553606144
995398791070212096
890642391438438401
1001100777853681670
1001168121468735489
998916676690366464
1000169388170006529
989859800317153280
999024971639816194
989441869921824768
995061649991258117
1001206476181069824
